{
  "accessors": [
    {
      "bufferView": 0,
      "byteOffset": 0,
      "componentType": 5123,
      "count": 825,
      "type": "SCALAR",
      "max": [
        824
      ],
      "min": [
        0
      ]
    },
    {
      "bufferView": 1,
      "byteOffset": 0,
      "componentType": 5126,
      "count": 825,
      "type": "VEC3",
      "max": [
        13.195435523986816,
        27.95751953125,
        17.278242111206055
      ],
      "min": [
        -13.835692405700684,
        -1.960067629814148,
        -13.3882417678833
      ],
      "name": "POSITION"
    },
    {
      "bufferView": 1,
      "byteOffset": 12,
      "componentType": 5126,
      "count": 825,
      "type": "VEC3",
      "max": [
        0.9986608028411865,
        0.9943291544914246,
        0.9906532764434814
      ],
      "min": [
        -0.9991536140441895,
        -0.9474768042564392,
        -0.9966609477996826
      ],
      "name": "NORMAL"
    },
    {
      "bufferView": 1,
      "byteOffset": 24,
      "componentType": 5126,
      "count": 825,
      "type": "VEC4",
      "max": [
        0.9967394471168518,
        0,
        0.19793209433555603,
        1
      ],
      "min": [
        -1.0000044107437134,
        -0.5149795413017273,
        0,
        1
      ],
      "name": "TANGENT"
    },
    {
      "bufferView": 1,
      "byteOffset": 40,
      "componentType": 5126,
      "count": 825,
      "type": "VEC2",
      "max": [
        0.05045609548687935,
        -0.19844092428684235
      ],
      "min": [
        0.05045608803629875,
        -0.19844095408916473
      ],
      "name": "TEXCOORD_0"
    },
    {
      "bufferView": 0,
      "byteOffset": 1652,
      "componentType": 5123,
      "count": 954,
      "type": "SCALAR",
      "max": [
        953
      ],
      "min": [
        0
      ]
    },
    {
      "bufferView": 2,
      "byteOffset": 0,
      "componentType": 5126,
      "count": 954,
      "type": "VEC3",
      "max": [
        6.886806488037109,
        1.196730613708496,
        6.601686000823975
      ],
      "min": [
        -6.886834144592285,
        -18.08551025390625,
        0
      ],
      "name": "POSITION"
    },
    {
      "bufferView": 2,
      "byteOffset": 12,
      "componentType": 5126,
      "count": 954,
      "type": "VEC3",
      "max": [
        1.0000044107437134,
        1.0000044107437134,
        1.0000044107437134
      ],
      "min": [
        -1.0000044107437134,
        -1.0000044107437134,
        -1.0000044107437134
      ],
      "name": "NORMAL"
    },
    {
      "bufferView": 2,
      "byteOffset": 24,
      "componentType": 5126,
      "count": 954,
      "type": "VEC4",
      "max": [
        -1.0000044107437134,
        0,
        0,
        1
      ],
      "min": [
        -1.0000044107437134,
        0,
        0,
        1
      ],
      "name": "TANGENT"
    },
    {
      "bufferView": 2,
      "byteOffset": 40,
      "componentType": 5126,
      "count": 954,
      "type": "VEC2",
      "max": [
        0.39214804768562317,
        -0.2524779736995697
      ],
      "min": [
        0.08060899376869202,
        -0.34442293643951416
      ],
      "name": "TEXCOORD_0"
    },
    {
      "bufferView": 0,
      "byteOffset": 3560,
      "componentType": 5123,
      "count": 1356,
      "type": "SCALAR",
      "max": [
        1355
      ],
      "min": [
        0
      ]
    },
    {
      "bufferView": 3,
      "byteOffset": 0,
      "componentType": 5126,
      "count": 1356,
      "type": "VEC3",
      "max": [
        7.704536437988281,
        16.54804229736328,
        6.2640485763549805
      ],
      "min": [
        -7.704528331756592,
        -16.548038482666016,
        -1.1864250898361206
      ],
      "name": "POSITION"
    },
    {
      "bufferView": 3,
      "byteOffset": 12,
      "componentType": 5126,
      "count": 1356,
      "type": "VEC3",
      "max": [
        0.9999676942825317,
        0.9999676942825317,
        1.0000044107437134
      ],
      "min": [
        -0.9999676942825317,
        -0.9999676942825317,
        -1.0000044107437134
      ],
      "name": "NORMAL"
    },
    {
      "bufferView": 3,
      "byteOffset": 24,
      "componentType": 5126,
      "count": 1356,
      "type": "VEC4",
      "max": [
        -1.0000044107437134,
        0,
        0,
        1
      ],
      "min": [
        -1.0000044107437134,
        0,
        0,
        1
      ],
      "name": "TANGENT"
    },
    {
      "bufferView": 3,
      "byteOffset": 40,
      "componentType": 5126,
      "count": 1356,
      "type": "VEC2",
      "max": [
        0.12231200933456421,
        -0.0113677978515625
      ],
      "min": [
        0.011367559432983398,
        -0.2314586639404297
      ],
      "name": "TEXCOORD_0"
    },
    {
      "bufferView": 0,
      "byteOffset": 6272,
      "componentType": 5123,
      "count": 9480,
      "type": "SCALAR",
      "max": [
        9479
      ],
      "min": [
        0
      ]
    },
    {
      "bufferView": 4,
      "byteOffset": 0,
      "componentType": 5126,
      "count": 9480,
      "type": "VEC3",
      "max": [
        -1467.4798583984375,
        178.80511474609375,
        14.972933769226074
      ],
      "min": [
        -1672.2313232421875,
        -0.3151354193687439,
        -18.477537155151367
      ],
      "name": "POSITION"
    },
    {
      "bufferView": 4,
      "byteOffset": 12,
      "componentType": 5126,
      "count": 9480,
      "type": "VEC3",
      "max": [
        0.9999918937683105,
        0.9999074935913086,
        0.999707043170929
      ],
      "min": [
        -0.9999918937683105,
        -1.0000044107437134,
        -0.9999833106994629
      ],
      "name": "NORMAL"
    },
    {
      "bufferView": 4,
      "byteOffset": 24,
      "componentType": 5126,
      "count": 9480,
      "type": "VEC4",
      "max": [
        0.9999830722808838,
        0.999969482421875,
        0.9563470482826233,
        1
      ],
      "min": [
        -1.0000044107437134,
        -0.9994157552719116,
        -0.9900913238525391,
        1
      ],
      "name": "TANGENT"
    },
    {
      "bufferView": 4,
      "byteOffset": 40,
      "componentType": 5126,
      "count": 9480,
      "type": "VEC2",
      "max": [
        0.2722797691822052,
        -0.011820927262306213
      ],
      "min": [
        0.013987736776471138,
        -0.3552703857421875
      ],
      "name": "TEXCOORD_0"
    },
    {
      "bufferView": 4,
      "byteOffset": 48,
      "componentType": 5126,
      "count": 9480,
      "type": "VEC2",
      "max": [
        0.9154232740402222,
        0
      ],
      "min": [
        0,
        -1.0195506811141968
      ],
      "name": "TEXCOORD_1"
    }
  ],
  "asset": {
    "generator": "Aspose.3D 22.12",
    "version": "2.0"
  },
  "buffers": [
    {
      "uri": "Running_data.bin",
      "byteLength": 706592
    }
  ],
  "bufferViews": [
    {
      "buffer": 0,
      "byteOffset": 0,
      "byteLength": 25232,
      "target": 34963
    },
    {
      "buffer": 0,
      "byteOffset": 25232,
      "byteLength": 39600,
      "byteStride": 48,
      "target": 34962
    },
    {
      "buffer": 0,
      "byteOffset": 64832,
      "byteLength": 45792,
      "byteStride": 48,
      "target": 34962
    },
    {
      "buffer": 0,
      "byteOffset": 110624,
      "byteLength": 65088,
      "byteStride": 48,
      "target": 34962
    },
    {
      "buffer": 0,
      "byteOffset": 175712,
      "byteLength": 530880,
      "byteStride": 56,
      "target": 34962
    }
  ],
  "images": [
    {
      "uri": "Running_img0.png"
    },
    {
      "uri": "Running_img1.png"
    },
    {
      "uri": "Running_img2.png"
    },
    {
      "uri": "Running_img3.png"
    }
  ],
  "materials": [
    {
      "name": "PolygonApocalypse_Material_01_A",
      "pbrMetallicRoughness": {
        "baseColorFactor": [
          1,
          1,
          1,
          1
        ],
        "baseColorTexture": {
          "index": 2,
          "texCoord": 0
        },
        "metallicFactor": 0,
        "roughnessFactor": 0
      },
      "normalTexture": {
        "index": 1,
        "texCoord": 0,
        "scale": 1
      },
      "emissiveTexture": {
        "index": 0,
        "texCoord": 0
      },
      "emissiveFactor": [
        1,
        1,
        1
      ],
      "alphaMode": "OPAQUE",
      "doubleSided": false
    },
    {
      "name": "PolygonApocalypse_Material_01_A",
      "pbrMetallicRoughness": {
        "baseColorFactor": [
          1,
          1,
          1,
          1
        ],
        "baseColorTexture": {
          "index": 2,
          "texCoord": 0
        },
        "metallicFactor": 0,
        "roughnessFactor": 0
      },
      "normalTexture": {
        "index": 1,
        "texCoord": 0,
        "scale": 1
      },
      "emissiveTexture": {
        "index": 0,
        "texCoord": 0
      },
      "emissiveFactor": [
        1,
        1,
        1
      ],
      "alphaMode": "OPAQUE",
      "doubleSided": false
    },
    {
      "name": "PolygonApocalypse_Material_01_A",
      "pbrMetallicRoughness": {
        "baseColorFactor": [
          1,
          1,
          1,
          1
        ],
        "baseColorTexture": {
          "index": 2,
          "texCoord": 0
        },
        "metallicFactor": 0,
        "roughnessFactor": 0
      },
      "normalTexture": {
        "index": 1,
        "texCoord": 0,
        "scale": 1
      },
      "emissiveTexture": {
        "index": 0,
        "texCoord": 0
      },
      "emissiveFactor": [
        1,
        1,
        1
      ],
      "alphaMode": "OPAQUE",
      "doubleSided": false
    },
    {
      "name": "PolygonApocalypse_Material_03_C",
      "pbrMetallicRoughness": {
        "baseColorFactor": [
          1,
          1,
          1,
          1
        ],
        "baseColorTexture": {
          "index": 3,
          "texCoord": 0
        },
        "metallicFactor": 0,
        "roughnessFactor": 0
      },
      "normalTexture": {
        "index": 1,
        "texCoord": 0,
        "scale": 1
      },
      "emissiveFactor": [
        0,
        0,
        0
      ],
      "alphaMode": "OPAQUE",
      "doubleSided": false
    }
  ],
  "meshes": [
    {
      "primitives": [
        {
          "attributes": {
            "POSITION": 1,
            "NORMAL": 2,
            "TANGENT": 3,
            "TEXCOORD_0": 4
          },
          "indices": 0,
          "material": 0,
          "mode": 4
        }
      ],
      "name": "Scene"
    },
    {
      "primitives": [
        {
          "attributes": {
            "POSITION": 6,
            "NORMAL": 7,
            "TANGENT": 8,
            "TEXCOORD_0": 9
          },
          "indices": 5,
          "material": 1,
          "mode": 4
        }
      ],
      "name": "Scene"
    },
    {
      "primitives": [
        {
          "attributes": {
            "POSITION": 11,
            "NORMAL": 12,
            "TANGENT": 13,
            "TEXCOORD_0": 14
          },
          "indices": 10,
          "material": 2,
          "mode": 4
        }
      ],
      "name": "Scene"
    },
    {
      "primitives": [
        {
          "attributes": {
            "POSITION": 16,
            "NORMAL": 17,
            "TANGENT": 18,
            "TEXCOORD_0": 19,
            "TEXCOORD_1": 20
          },
          "indices": 15,
          "material": 3,
          "mode": 4
        }
      ],
      "name": "Scene"
    }
  ],
  "nodes": [
    {
      "mesh": 0,
      "name": "SM_Chr_Attach_Cool_Male_Hair_01"
    },
    {
      "children": [
        0
      ],
      "matrix": [
        4.1765132557030387e-7,
        -0.0000025695261835112025,
        -0.9999999999966116,
        0,
        0.9873026122720095,
        0.15885072175116452,
        4.177155945222068e-9,
        0,
        0.1588507217506155,
        -0.9873026122686659,
        0.0000026032441277890845,
        0,
        12.164434790611267,
        -1.5099033293720807e-14,
        -5.059175923589471e-15,
        1
      ],
      "name": "Head"
    },
    {
      "children": [
        1
      ],
      "matrix": [
        0.9965166390104082,
        -0.08339417350990273,
        2.6331927120124042e-9,
        0,
        0.08339417350990275,
        0.996516639010407,
        -4.811312182033623e-8,
        0,
        1.388333677953765e-9,
        4.816511937860977e-8,
        0.9999999999999988,
        0,
        11.188967525959015,
        -6.661337998858429e-16,
        -4.624412771481805e-15,
        1
      ],
      "name": "Neck"
    },
    {
      "children": [
        2
      ],
      "matrix": [
        0.9753179070488658,
        0.2208052992792452,
        1.5173044929769945e-7,
        0,
        0.2208052992792495,
        -0.9753179070488764,
        -1.1761539849258068e-8,
        0,
        1.4538841391822238e-7,
        4.49741276964028e-8,
        -0.9999999999999885,
        0,
        17.903724312782288,
        2.220445916901415e-15,
        7.509725288929662e-15,
        1
      ],
      "name": "Spine_03"
    },
    {
      "children": [
        3
      ],
      "matrix": [
        0.980790877229338,
        0.19506218276154563,
        8.25603613974223e-8,
        0,
        0.19506218276154633,
        -0.9807908772293413,
        -6.809826743874019e-10,
        0,
        8.084161531245776e-8,
        1.6772305898354046e-8,
        -0.9999999999999964,
        0,
        18.151168525218964,
        1.554312241092664e-15,
        -7.101072920037845e-15,
        1
      ],
      "name": "Spine_02"
    },
    {
      "children": [
        4
      ],
      "matrix": [
        0.9801281840528879,
        0.19836517543455084,
        8.905901454203025e-8,
        0,
        0.19836517543455082,
        -0.9801281840528919,
        9.290411019375569e-9,
        0,
        8.913214420833818e-8,
        8.560413362132718e-9,
        -0.9999999999999959,
        0,
        10.393264889717102,
        1.3322675997716858e-15,
        4.615536792636866e-15,
        1
      ],
      "name": "Spine_01"
    },
    {
      "matrix": [
        0.2647836624145086,
        -0.9641154610997874,
        0.0192610951584742,
        0,
        0.9558714061938169,
        0.2597784576764247,
        -0.13720425557654242,
        0,
        0.127277126536604,
        0.05474057540437682,
        0.9903554929746101,
        0,
        11.456158757209778,
        1.4378271996974945,
        18.37000846862793,
        1
      ],
      "mesh": 1,
      "name": "SM_Chr_Attach_Pouch_02"
    },
    {
      "matrix": [
        -0.1411193971146277,
        0.9898210017224434,
        0.018430960560506693,
        0,
        0.9830211094715305,
        0.13789583359792598,
        0.12105468768161944,
        0,
        0.1172809195537165,
        0.035201187842344994,
        -0.9924747161933762,
        0,
        2.3081427440047264,
        -0.06587542593479156,
        -17.79000759124756,
        1
      ],
      "mesh": 2,
      "name": "SM_Chr_Attach_Mags_03"
    },
    {
      "children": [
        5,
        6,
        7
      ],
      "matrix": [
        3.4490200051043184e-16,
        0.988775049851095,
        -0.1494118495701212,
        0,
        -3.263738207783966e-16,
        0.1494118495701212,
        0.988775049851095,
        0,
        1,
        -2.922663765346778e-16,
        3.742427367269481e-16,
        0,
        0,
        87.62760758399963,
        0,
        1
      ],
      "name": "Hips"
    },
    {
      "children": [
        8
      ],
      "name": "Root"
    },
    {
      "matrix": [
        1,
        0,
        0,
        0,
        0,
        1,
        0,
        0,
        0,
        0,
        1,
        0,
        1569.8555946350098,
        0,
        0,
        1
      ],
      "mesh": 3,
      "name": "SM_Chr_Cool_Male_01_1"
    },
    {
      "children": [
        9,
        10
      ],
      "name": "SM_Chr_Cool_Male_01"
    }
  ],
  "samplers": [
    {
      "magFilter": 9729,
      "minFilter": 9729,
      "wrapS": 10497,
      "wrapT": 10497
    },
    {
      "magFilter": 9729,
      "minFilter": 9729,
      "wrapS": 10497,
      "wrapT": 10497
    },
    {
      "magFilter": 9729,
      "minFilter": 9729,
      "wrapS": 10497,
      "wrapT": 10497
    },
    {
      "magFilter": 9729,
      "minFilter": 9729,
      "wrapS": 10497,
      "wrapT": 10497
    }
  ],
  "scene": 0,
  "scenes": [
    {
      "nodes": [
        11
      ]
    }
  ],
  "textures": [
    {
      "sampler": 0,
      "source": 0,
      "name": "EmissiveColor_Texture"
    },
    {
      "sampler": 1,
      "source": 1,
      "name": "NormalMap_Texture"
    },
    {
      "sampler": 2,
      "source": 2,
      "name": "DiffuseColor_Texture"
    },
    {
      "sampler": 3,
      "source": 3,
      "name": "DiffuseColor_Texture_1"
    }
  ]
}